20	10	10	10	10	10	10	20
20	20	20	10	10	20	20	20
10	15	15	10	10	15	15	10
10	10	10	5	5	10	10	10
0	5	5	5	5	5	5	0
-10	0	0	5	5	0	0	-10
-20	-5	-5	-5	-5	-5	-5	-20
-30	-20	-20	-20	-20	-20	-20	-30

0	0	0	0	0	0	0	0
0	5	5	-25	-25	5	5	0
5	5	10	15	15	10	5	5
5	5	10	20	20	10	5	5
10	10	20	30	30	20	10	10
20	20	30	40	40	30	20	20
60	60	60	60	60	60	60	60
0	0	0	0	0	0	0	0

10	20	30	30	30	30	20	10
10	20	30	30	30	30	20	10
15	25	30	30	30	30	25	15
15	25	30	40	40	30	25	15
15	25	30	40	40	30	25	15
15	25	30	30	30	30	25	15
10	20	30	30	30	30	20	10
10	20	30	30	30	30	20	10

-60	-40	-30	-20	-20	-30	-40	-60
-40	-20	5	10	10	5	-20	-40
-20	10	20	25	25	20	10	-20
-20	10	25	30	30	25	10	-20
-20	10	25	30	30	25	10	-20
-20	10	20	25	25	20	10	-20
-20	10	10	15	15	10	10	-20
-30	-10	5	5	5	5	-10	-30

-20	-5	-5	5	5	-5	-5	-20
0	15	20	20	20	20	15	0
10	25	35	35	35	35	25	10
15	25	35	40	40	35	25	15
20	25	35	40	40	35	25	20
15	25	35	35	35	35	25	15
10	25	25	25	25	25	25	10
5	10	10	10	10	10	10	5

-10	-10	0	5	5	0	-10	-10
-5	10	10	10	10	10	10	-5
-5	10	15	15	15	15	10	-5
-5	15	20	25	25	20	15	-5
-5	15	20	25	25	20	15	-5
-5	10	15	20	20	15	10	-5
-5	10	10	10	10	10	10	-5
-10	-10	5	5	5	5	-10	-10

-30	-20	-20	-20	-20	-20	-20	-30
-20	-5	-5	-5	-5	-5	-5	-20
-10	0	0	5	5	0	0	-10
0	5	5	5	5	5	5	0
10	10	10	5	5	10	10	10
10	15	15	10	10	15	15	10
20	20	20	10	10	20	20	20
20	10	10	10	10	10	10	20

0	0	0	0	0	0	0	0
60	60	60	60	60	60	60	60
20	20	30	40	40	30	20	20
10	10	20	30	30	20	10	10
5	5	10	20	20	10	5	5
5	5	10	15	15	10	5	5
0	5	5	-25	-25	5	5	0
0	0	0	0	0	0	0	0

10	20	30	30	30	30	20	10
10	20	30	30	30	30	20	10
15	25	30	30	30	30	25	15
15	25	30	40	40	30	25	15
15	25	30	40	40	30	25	15
15	25	30	30	30	30	25	15
10	20	30	30	30	30	20	10
10	20	30	30	30	30	20	10

-30	-10	5	5	5	5	-10	-30
-20	10	10	15	15	10	10	-20
-20	10	20	25	25	20	10	-20
-20	10	25	30	30	25	10	-20
-20	10	25	30	30	25	10	-20
-20	10	20	25	25	20	10	-20
-40	-20	5	10	10	5	-20	-40
-60	-40	-30	-20	-20	-30	-40	-60

5	10	10	10	10	10	10	5
10	25	25	25	25	25	25	10
15	25	35	35	35	35	25	15
20	25	35	40	40	35	25	20
15	25	35	40	40	35	25	15
10	25	35	35	35	35	25	10
0	15	20	20	20	20	15	0
-20	-5	-5	5	5	-5	-5	-20

-10	-10	5	5	5	5	-10	-10
-5	10	10	10	10	10	10	-5
-5	10	15	20	20	15	10	-5
-5	15	20	25	25	20	15	-5
-5	15	20	25	25	20	15	-5
-5	10	15	15	15	15	10	-5
-5	10	10	10	10	10	10	-5
-10	-10	0	5	5	0	-10	-10
